"self.n_clientes = 24
self.n_hubs = 8

# Matriz de distancias cliente-hub (24 x 8)
self.distancias = [
    [6, 8, 12, 7, 9, 6, 10, 11],
    [5, 9, 6, 10, 8, 7, 9, 12],
    [8, 7, 10, 6, 11, 9, 8, 10],
    [7, 6, 8, 9, 10, 6, 7, 9],
    [9, 6, 9, 12, 7, 10, 11, 8],
    [6, 5, 10, 11, 9, 8, 6, 7],
    [8, 7, 6, 6, 10, 8, 9, 9],
    [7, 6, 10, 8, 6, 9, 11, 10],
    [5, 9, 11, 7, 11, 8, 10, 12],
    [9, 6, 7, 8, 9, 6, 10, 8],
    [6, 10, 8, 7, 5, 9, 6, 8],
    [8, 6, 9, 10, 6, 8, 10, 7],
    [7, 9, 10, 8, 11, 9, 7, 8],
    [6, 7, 8, 9, 10, 8, 9, 11],
    [9, 8, 6, 10, 7, 6, 9, 10],
    [7, 6, 9, 8, 10, 7, 6, 9],
    [8, 9, 10, 6, 11, 10, 8, 7],
    [9, 7, 6, 9, 10, 8, 7, 6],
    [6, 8, 7, 10, 9, 7, 8, 6],
    [8, 9, 10, 8, 9, 10, 9, 7],
    [7, 6, 8, 9, 7, 9, 10, 8],
    [5, 9, 11, 10, 9, 7, 8, 6],
    [6, 8, 7, 9, 6, 10, 11, 9],
    [8, 7, 9, 8, 10, 8, 7, 6],
]

# Costo fijo por abrir cada hub
self.costos_fijos = [22, 25, 18, 20, 19, 24, 21, 23]

# Capacidades: total 30 ≥ 24
self.capacidad = [4, 4, 4, 4, 4, 3, 4, 3]

# Distancia máxima tolerada
self.D_max = 9"